H	S	H                    
100	0	100   OK
90	20	90    OK
80	40	80    OK
70	60	70    OK
60	80	60    OK
50	100	50    OK
40	120	40    OK
30	140	30    OK
20	160	20    OK
10	180	10    OK
0	200	0     OK


S	H	S
100	0	100   OK
90	20	90    OK
80	40	80    OK
70	60	70    OK
60	80	60    OK
50	100	50    OK
40	120	40    OK
30	140	30    OK
20	160	20    OK
10	180	10    OK
0	200	0     OK

------------------------------------------------------------

DIAMETER

SHS  

40
80
120
160
200
240
280
320
360
400


HSH

40
80
120
160
200
240
280
320
360
400